[FILE_INFO]{
col_locus 1
col_allele 2
col_ini_freq 3
}
#locus allele initial frequency
#population id 1 2 3 4 5
1 1  0.1122
1 2  0.8878
1 3  0
1 4  0
2 1  0.9997
2 2  0
2 3  0.0002507
2 4  0
3 1  0.9893
3 2  0.01033
3 3  0
3 4  0.000351
4 1  0.00717
4 2  0.3905
4 3  0.6023
4 4  0
5 1  0
5 2  0.5784
5 3  0.4206
5 4  0.0009527
6 1  0.9123
6 2  0.006719
6 3  0.0361
6 4  0.04488
7 1  0
7 2  0.003359
7 3  0.9966
7 4  0
8 1  0.02853
8 2  0.0001003
8 3  0.3702
8 4  0.6012
9 1  0.03841
9 2  0
9 3  0.9543
9 4  0.00732
10 1  0.988
10 2  0
10 3  0
10 4  0.01198
11 1  0.2248
11 2  0.6735
11 3  0.04693
11 4  0.0547
12 1  0.0002507
12 2  0.02301
12 3  0.9628
12 4  0.01394
13 1  0.006468
13 2  0.9784
13 3  0.01514
13 4  0
14 1  0.01208
14 2  0.0005515
14 3  0.9874
14 4  0
15 1  0.001053
15 2  0.0717
15 3  0.0001504
15 4  0.9271
16 1  0.8009
16 2  0
16 3  0.0005014
16 4  0.1986
17 1  0.006217
17 2  0.2722
17 3  0.6981
17 4  0.02352
18 1  0.9956
18 2  0.003961
18 3  0.0003008
18 4  0.0001504
19 1  0.02688
19 2  0.9041
19 3  0.06192
19 4  0.00707
20 1  0.02026
20 2  0
20 3  0.9792
20 4  0.0005014
21 1  0.6563
21 2  5.01E-05
21 3  0.3052
21 4  0.03846
22 1  0.01153
22 2  0.9882
22 3  0.0001003
22 4  0.0002006
23 1  0
23 2  0.1205
23 3  0.8718
23 4  0.007671
24 1  0
24 2  0.03274
24 3  0.09918
24 4  0.8681
25 1  0
25 2  0.9566
25 3  0.04342
25 4  0
26 1  0
26 2  5.01E-05
26 3  0.02131
26 4  0.9786
27 1  0.0009025
27 2  0.006869
27 3  0
27 4  0.9922
28 1  0
28 2  0.7387
28 3  0.01299
28 4  0.2483
29 1  0.9999
29 2  0
29 3  0
29 4  5.01E-05
30 1  0.004011
30 2  0.9632
30 3  0.02798
30 4  0.004813
31 1  0.9179
31 2  0
31 3  0.08213
31 4  0
32 1  0
32 2  0.9815
32 3  5.01E-05
32 4  0.0184
33 1  5.01E-05
33 2  0.7448
33 3  0.2546
33 4  0.0005014
34 1  0.0003008
34 2  0
34 3  0.9996
34 4  0.0001003
35 1  0.03725
35 2  0
35 3  0.9627
35 4  0
36 1  0.9825
36 2  0.008724
36 3  0.008825
36 4  0
37 1  0
37 2  0
37 3  0.9967
37 4  0.003259
38 1  0.5013
38 2  0
38 3  0.4877
38 4  0.01103
39 1  0.6253
39 2  0.1559
39 3  0.001454
39 4  0.2174
40 1  0.01599
40 2  0.0004011
40 3  0.001003
40 4  0.9826
41 1  0
41 2  0.1572
41 3  0.8428
41 4  0
42 1  0.0003008
42 2  5.01E-05
42 3  0.1828
42 4  0.8168
43 1  0.0004513
43 2  0.4988
43 3  0.5008
43 4  0
44 1  0.1584
44 2  5.01E-05
44 3  0
44 4  0.8416
45 1  0.002357
45 2  0.9701
45 3  0.006268
45 4  0.02126
46 1  0.001203
46 2  0.9979
46 3  0
46 4  0.0008524
47 1  0.9726
47 2  0
47 3  0
47 4  0.02738
48 1  0
48 2  0.06122
48 3  0.9139
48 4  0.02492
49 1  0.0004513
49 2  0.8376
49 3  0.1083
49 4  0.0536
50 1  5.01E-05
50 2  0
50 3  0
50 4  0.9999
51 1  0.5134
51 2  0.4865
51 3  5.01E-05
51 4  0
52 1  0.3386
52 2  0
52 3  0.6611
52 4  0.0002507
53 1  0.006368
53 2  0.553
53 3  0
53 4  0.4406
54 1  0.3073
54 2  0.06062
54 3  0.04347
54 4  0.5886
55 1  0.03951
55 2  0.9605
55 3  0
55 4  0
56 1  0.1904
56 2  0.1081
56 3  0.6996
56 4  0.001905
57 1  0.7503
57 2  0.2494
57 3  0.0001504
57 4  0.0001003
58 1  0.2195
58 2  5.01E-05
58 3  0
58 4  0.7804
59 1  0.1756
59 2  0.02026
59 3  0.8013
59 4  0.002858
60 1  0.04182
60 2  0.499
60 3  0.0003008
60 4  0.4588
61 1  0.9669
61 2  0.0185
61 3  0.0006017
61 4  0.01404
62 1  0
62 2  0.9957
62 3  0.004312
62 4  0
63 1  0
63 2  0.0001003
63 3  0.005064
63 4  0.9948
64 1  0.008875
64 2  0.04994
64 3  0.06934
64 4  0.8718
65 1  0.3296
65 2  5.01E-05
65 3  0.6703
65 4  0
66 1  0.9845
66 2  0.01549
66 3  0
66 4  0
67 1  0.003059
67 2  0.9897
67 3  0.00722
67 4  0
68 1  0.5945
68 2  0.0008524
68 3  0.4047
68 4  0
69 1  0.0008022
69 2  0.000351
69 3  0.9541
69 4  0.04473
70 1  0
70 2  0.8861
70 3  0.1136
70 4  0.0003008
71 1  0.06232
71 2  0.2063
71 3  0.0006017
71 4  0.7307
72 1  0.001103
72 2  0.8241
72 3  0.03615
72 4  0.1387
73 1  0.9939
73 2  0.006067
73 3  0
73 4  0
74 1  0.0003008
74 2  0.9373
74 3  0.04693
74 4  0.01544
75 1  0.9158
75 2  0.0004011
75 3  0.02347
75 4  0.06037
76 1  0.9616
76 2  0.001203
76 3  0
76 4  0.03715
77 1  0.9966
77 2  0.003359
77 3  5.01E-05
77 4  0
78 1  0.5927
78 2  0
78 3  0.4073
78 4  0
79 1  0
79 2  0.3447
79 3  5.01E-05
79 4  0.6552
80 1  0.8847
80 2  0.01223
80 3  0.1028
80 4  0.0003008
81 1  0.2223
81 2  0.7765
81 3  0
81 4  0.001203
82 1  0.001755
82 2  0.002357
82 3  0.9959
82 4  0
83 1  0
83 2  0.6776
83 3  0.01459
83 4  0.3078
84 1  0.0001504
84 2  0.9258
84 3  0.07406
84 4  0
85 1  0
85 2  0.2621
85 3  0.246
85 4  0.4919
86 1  0.0002006
86 2  0.002808
86 3  0.997
86 4  0
87 1  5.01E-05
87 2  0.005515
87 3  0.6125
87 4  0.382
88 1  0.999
88 2  0.0009527
88 3  0
88 4  0
89 1  0.1197
89 2  0.5452
89 3  0.2656
89 4  0.06949
90 1  0.6383
90 2  0.09251
90 3  0.1325
90 4  0.1367
91 1  0
91 2  0.02437
91 3  0.0005515
91 4  0.9751
92 1  0.9762
92 2  0
92 3  0.01289
92 4  0.01093
93 1  0.003761
93 2  0.9767
93 3  0.004162
93 4  0.01534
94 1  0.006067
94 2  0
94 3  5.01E-05
94 4  0.9939
95 1  0.01183
95 2  0.5695
95 3  0.4187
95 4  0
96 1  0.02001
96 2  0.9462
96 3  0.02943
96 4  0.004362
97 1  0.2183
97 2  0
97 3  0.4528
97 4  0.3289
98 1  0.005515
98 2  0.01604
98 3  0.01233
98 4  0.9661
99 1  0.002908
99 2  0.7504
99 3  0.2467
99 4  0
100 1  0
100 2  0
100 3  0.02161
100 4  0.9784

